7.153328341943197
26.8232886524097
29.119022493751736
19.32324702847139
29.65786328956393
27.932976371240578
30.615581135628727
28.93780960660126
28.26369449928908
31.28746727138456
31.986821835486477
29.235526187389347
29.1240773530535
31.82783557568997
31.51290026897474
31.639603213517898
28.580508878803986
29.621836929270103
29.30661412261211
28.981399076863546
21.23418689185221
29.529034074908477
26.468330546177388
25.00300443511851
24.73275348645222
26.955681233933163
25.885172956460025
24.732315965752292
27.114780168986403
26.41249370277078
30.252547910821317
28.710804446634906
28.529769071183214
25.434359972590613
28.331660395966036
26.136969228660096
26.88156688820668
28.47611547130869
24.063430138495256
26.94459862267448
29.152822280761505
28.926832968957978
26.417817192381335
26.055947270660297
28.087484095627133
27.994687134990823
28.335679831376417
30.58566501133936
29.83464807767543
30.40253988503831
27.639565074135092
29.091554766396627
29.833587026104276
27.116357853088353
28.24294987475422
30.37215870004417
28.81099052067592
29.73903301970405
29.613053086411036
28.165191581944427
30.575408772479754
28.127793127498055
29.927676456317606
29.036975499664237
25.698974933980356
28.772845451489644
31.160322130100145
25.994905516544677
29.529034074908477
28.56318653255518
30.016345341863826
29.285946697016456
28.757260784905245
29.0546761892227
19.368934370208915
25.001812112541725
24.282288645350285
25.70432970736939
27.45376594644482
14.30575394795184
21.782708047696207
23.76362740154447
26.195899146227976
28.47959585534446
29.659541067072094
30.14687088960605
29.030142371661327
27.1841961994141
27.617361989043406
28.105740687381477
25.540140296180827
27.480747181036122
28.07902259414226
26.373133296025454
24.56645171115133
28.446373587618517
28.534039035872457
25.386636968350714
25.094105047773464
25.986852621730968
25.89731969202082
25.592033729735007
29.265308400781468
28.30050065449442
29.0917565458644
27.274704122772793
26.67436610044454
26.320504533902294
24.774534994300026
26.626782290727643
25.089751872323117
25.049294681143323
27.062819387807775
25.2801407966826
27.348508460209306
29.20743154786775
29.106292027230523
27.7591994493567
28.59102931152011
30.352597224031378
28.448881864982738
30.421945151627245
30.603295051585505
29.338183039086765
29.285946697016456
26.23095829242209
28.838327305730118
29.522798620398394
29.96252455620245
30.657875886265625
29.28696915106065
30.48429743656833
27.503993494996656
28.413806185008298
31.181634352325442
28.89833264434339
27.535049827343986
29.095187225127983
27.655602589969803
24.63846235182161
26.23965566858101
29.14350433229803
26.04494507609863
26.710208240463604
28.059862052355882
27.62973307686227
28.55501923273309
25.535631008261646
27.742307590549515
27.062120938395232
27.464192405660068
30.67469192233152
29.126302047165357
30.7766542903685
28.84169847000172
29.990375746308676
28.688613620973864
28.334914136705713
30.169422765689625
28.775411635565312
28.649226103468532
28.369795189524094
30.826190808669512
28.597657262078464
28.90570146723362
29.24408746095493
29.230228862933124
30.15142191678408
29.95888630162426
26.497760425550734
29.01487994355168
29.446317370944755
27.251666558378272
28.19700168067227
30.201356586356372
29.05709159178923
28.71650497401735
28.442129817994413
29.99745390568008
24.33978052842627
26.165666446243872
29.847174188406417
28.91367199079021
28.997227695392166
28.757063618849116
29.529034074908477
28.814949161857655
28.644334719689674
30.44734167658759
28.96118764025548
29.350501035660304
30.106837790889646
29.80009662659505
27.815716000504015
29.329771686304674
25.484275506732125
27.216829864963955
29.151809171659323
30.408932066990502
29.3807238874451
23.49776468083676
28.227743828572965
29.455002563256247
28.954590012287895
28.287712530265118
28.880225296252178
27.10899689762151
26.480863690889578
28.793585413405825
24.777022955777934
28.028547753334582
25.03449304946252
29.32136515526474
29.876726477522848
29.384223062911587
30.241641611328618
30.31508344355544
27.724703207212926
30.318808732109296
28.302410321466166
29.832950431387054
30.90591841546805
28.503788676783397
28.466645400804936
29.509712733847874
30.473002034292357
29.122257401544186
28.787854245454607
25.422027190021034
24.439767390366978
27.126704997445334
25.986047606656506
26.91226876952987
31.50295929097191
30.083516231297786
27.986094708115647
30.489615817976958
26.989678515353532
28.434031591078572
29.780419054110663
27.90584290295538
29.394313586701333
29.984158302593578
32.140014252764345
29.79565103112191
30.82052789371583
31.13048770531347
29.80920365303294
29.65073485228727
31.5496415757129
29.81958821522011
29.97066032140739
28.81198007899708
26.119878688994202
29.91316254920979
28.795166826857063
28.12062700296338
26.944771718391653
29.476945133564314
28.323816212419977
30.543569129491267
30.801289536104807
29.664785345498267
28.66332262693911
30.748451325811725
29.416165795841078
30.82052789371583
29.392665680908767
26.629825274278748
26.629148995606574
29.478395322031993
31.8256620380909
27.61590729523308
31.074212643635583
29.90079416000114
26.585769974328908
27.019061423003834
29.70891061056807
30.47765206839172
30.12413634600744
29.035970426162322
27.348508460209306
29.42710408890635
29.0520599562242
30.07165339088165
29.698182410377324
31.330235893452052
26.471003288124255
28.77699105329601
8.219145654887528
28.78173034694774
30.423710495201757
19.95130977467214
30.57897537965778
28.931621750256944
30.04106890895938
29.381547147870798
27.98217383182558
30.969357768359497
30.380298420976388
28.36883577163187
28.204775770128236
28.647660678915376
28.77442458752101
30.718275096857354
27.654873208233884
30.048171020016333
29.147554882243796
28.932819193333657
21.301588107729266
29.28615118211398
28.236485303819794
27.88784499896941
30.29384488711052
29.997668447515036
28.46316818110872
30.189400646354716
30.804230317273795
27.666365441317126
29.625184525953706
29.407297304877023
29.396167701602163
27.07592199291197
29.371259707429115
29.490624011249782
27.059152930550628
30.14947130832321
28.28923886284693
29.0832842175333
28.0128232528318
29.542137106714467
30.170290819372614
29.59550101960895
31.142044653000006
28.63436147407802
29.144314352221798
31.497045019336912
29.228599303135887
30.268922117660644
29.89802333787165
30.953130880779305
28.819106906052674
27.938558277713387
27.160607669692926
29.407297304877023
29.133989969853992
30.421945151627245
28.11195710455764
28.044289917090133
31.474354837499344
29.930239196209396
30.12868051115916
30.839563542248758
28.539669578944505
31.242255178732375
32.493833281685774
26.940271952417962
29.647171918515063
31.407185539065193
30.311140018066848
30.160311216895455
31.79454058930101
29.75844478342616
28.89176361995688
30.618486560670434
28.660776395181184
29.625184525953706
32.47270137189929
28.880026440453893
30.332183484115447
29.187716160639106
29.550878923450874
30.98010887308235
31.30007537144691
30.42018001290987
29.391841797299286
30.183969256897768
29.045219727712144
27.811842716000264
27.430425029593152
28.823463925177126
30.44513159995935
30.096900114810563
28.95518967243105
28.77620132275858
32.27579413937454
29.187716160639106
30.900453822125304
30.811018879012707
28.318079317282635
29.7061752353162
31.068458245063034
30.329551453095284
30.007540690395277
30.491610689464654
29.25265375012205
30.827097068183654
30.881342953909588
30.7162504577078
26.349109823975073
29.190153734802248
28.653336157014913
26.954815076636354
29.555251772200066
31.12171016019767
30.678730516322037
28.18942133207877
29.03838271946829
29.66121903441838
27.386722907457347
28.621269917090313
24.67063501399901
25.500389105058368
25.567541207451477
24.98766197015281
27.858208409992095
26.8118004282929
9.963237983932652
25.20857774786037
24.385488372093022
29.161132432282105
26.377777358514297
28.740511316526995
30.981481891845977
28.007211634770762
27.423789099278167
30.006681976548695
30.450878466676347
26.34712363531289
27.084314320584266
31.58171194506355
30.867252469054034
27.665635491764892
29.671500728646414
29.95888630162426
29.560459232216733
29.40647260081889
27.986094708115647
26.352586374802872
29.544634240834007
30.947421235150887
26.52037887122678
29.07461527797033
30.336351800954724
27.156914669757263
27.751669015528957
28.158006391149065
28.96858855706274
29.13763303415122
29.62853287935407
29.835496973275195
30.29756495734522
28.913472674130038
28.259885863669744
27.113553208269227
28.869888424660836
26.390723018165115
27.824388690610448
25.379417174944333
26.728591274646003
27.28890045543266
24.834237264050397
28.149313432034468
26.32876557546844
27.416797944869693
25.39155492326785
25.192074141255187
27.97340251702359
27.41841097179913
26.780301240590223
29.487306754030133
28.097079964362035
30.580090115049796
26.50965124069322
29.401319248266823
27.897676027297035
26.80820166692233
27.40085711299258
28.07639116668563
30.75048021231983
28.462202437501695
28.507082075959
28.801098674723615
28.587716488205185
25.440067932310306
27.15779386436332
29.632300681761983
29.767315103298014
29.27061844878362
28.313300346296383
28.332617300963268
29.349679514092983
30.12045873997314
29.0832842175333
26.80391868661371
28.570774638293233
29.26796318393379
28.074887715282102
27.125126109113484
28.66391028313298
28.125341147597048
29.119628984219332
29.6576535807218
27.283575099199897
28.812375921359042
29.901007321437483
28.704320392003886
27.739188518898185
28.26636115510328
32.377197112972325
31.5867065300067
29.822132476323198
31.749053804463014
29.297811554822893
30.865435278534108
29.213331011666376
30.000886943335765
27.977694175404892
28.013384538320253
29.019095588642276
29.7540116056354
28.711000978868757
31.356937799043063
32.08911466780916
28.85340450999546
31.079047986010256
29.386487679448464
31.545844959724427
29.163768347714836
27.228491116001585
31.232484195006442
29.319315512806174
31.672813495839186
30.397251835371023
28.79101598698526
29.44652410171443
29.38381135194967
27.269561599126188
28.22622412447172
28.779557976931365
28.7265355322996
28.262170921856786
27.52619524200164
29.765625110885594
27.96724721948097
28.15384821920015
30.811018879012707
28.005154604757994
27.2791388897922
29.329976783866186
30.36842029048467
29.684100270350605
28.853206023375318
29.91657631954351
28.460078032230705
30.279192324629477
29.21841866945315
27.38761704517258
28.045602562302328
30.27809941815977
30.56983761406373
26.152777517973277
27.22583995430233
30.60820830171055
28.270933735954866
32.477981772144055
33.115976471517115
35.64069576744305
36.14688671521524
31.849345442395894
28.162543979802862
29.260204401967282
32.07291969351706
33.401320347526934
34.51704330365225
35.2347045926125
25.045704799780253
27.709317689339887
8.47832564194304
29.28778716570072
30.500036358876656
19.955676298047873
30.969357768359497
29.976015208473292
28.829803759837784
28.82088916374631
28.563575568131515
29.887158146759965
30.853855716818327
27.331400160301314
27.8613543064394
29.057292893464314
30.238807261401814
30.341399191244022
27.44388609715243
29.953537532047392
26.922979157706898
27.484528786548367
21.15183943115056
29.68935323805681
27.545357229639652
28.22793380309179
31.780327024201004
30.568946417118536
29.151606558288563
31.07237100418565
29.709962812112625
27.057581895828765
30.37193876812119
29.49228291976346
28.767911768337015
27.638108040432794
31.273470179022794
30.27460264757258
28.30852298804028
31.728879206003388
27.721588092610094
29.276543468397726
29.591951346851232
28.06849984273678
29.891844123264633
30.12694923897975
30.941485437752664
29.028535044190214
30.296470724202194
31.308720123016286
28.41476864711063
29.924900649966823
28.20060377459978
30.856579537846965
31.90603843052534
28.07263284005649
27.786968763456887
31.66779164495987
30.425034637341593
30.94719289313884
31.024105921076963
28.949393997956985
30.568946417118536
30.746648095883884
30.574517250679747
29.741352658375053
28.900921262067016
30.91662551136992
30.187445120985736
27.44999280095289
30.348863628141213
29.84547511634195
30.03354003465708
30.366441505035368
29.797344434893187
30.028164577352356
30.39218584699216
28.923441874577627
27.838239295930762
29.4523137420125
30.216804628008674
28.921646911179607
31.30685058294893
28.747208761985704
29.42834289883951
31.271138547794255
29.99316371333362
29.822132476323198
29.86502613178394
29.31788093357472
28.09538609935159
31.041326228537596
27.564183616468963
29.530697307648982
31.023188041331668
29.27920029039734
27.313246029316957
25.79713139961129
30.03203471262557
26.412327378291067
29.26449164131618
30.204183919634175
27.97750755417998
27.955503715799647
29.654298642533938
29.84632462819327
28.62029341521665
27.223542698401367
28.618926424531068
28.192831984513216
28.42593797440902
31.105092589159245
26.636928274758354
26.76867895868834
28.246183270366554
28.523366519775855
28.45196958288393
29.26796318393379
31.858054323388224
28.09256344480687
28.729683818291413
30.01570092387843
27.46113555415881
32.023454678719766
32.41698483607191
29.761823329477963
30.456185192715445
30.429449277044625
30.771235308790516
32.1691018000813
31.32742781172042
28.597657262078464
28.90191700775899
31.19230139961031
29.521967425426187
32.31657780380313
28.72751929754868
29.08832667554372
29.194420469415597
31.33327855013783
30.813735141568344
27.51175100849431
27.193184691489293
29.994879643005277
31.17190124411017
29.879067646891208
29.72638681190954
30.438503294725535
30.832535744477525
28.59746227849482
29.57901269393512
29.65849243388488
30.409813958209476
30.859530886724155
31.135109454915263
31.25389527648825
30.621392537215364
29.98480136687613
28.478628996666192
30.11743079740064
32.12032378370513
28.456602416668364
29.58840252548411
30.473887645674097
30.277443712146916
26.478021804591968
27.00740492717415
27.530712175910732
29.0016387434917
30.254511880202546
31.232251627027267
28.69096854072468
29.0917565458644
29.58840252548411
28.813365574851616
31.622666546035767
30.850905453315093
30.75318581086035
28.12062700296338
28.322286146449503
27.63501235381321
24.33850938885407
22.885428375001364
30.40716843799388
27.956994407673285
31.8776667300019
30.073593942696533
30.80219433204327
31.03765095903386
30.066264282949348
29.924900649966823
30.016345341863826
30.704782541855476
30.63145594765132
29.9743014364325
29.152011787846565
29.290446028897254
26.93300627363852
27.269561599126188
29.569003440302296
31.105092589159245
28.678805615004343
28.983001188534786
29.11295897827445
29.84547511634195
30.051830993988638
29.02592351662953
29.293105374902225
29.699023557818265
29.895466111661523
29.882899442853276
28.45872630307636
29.01748948417091
29.184263627381398
30.43960781183096
31.1779257849667
30.22159455272544
29.816832422211007
29.605737195776157
28.219767207158718
30.282471517479387
27.586845566956065
30.481417421258413
31.42671751721451
30.44247993148398
32.04939252693513
31.184648212997867
32.73322095273772
30.720075000183105
32.59863987875491
31.418948882363516
30.41268045796988
30.495157772284426
31.083884833438322
28.946996466431095
31.66874806520541
32.18341837713409
28.750164509760914
32.76236896783365
30.91662551136992
33.103692127985354
31.87064222971946
30.68254572055596
29.494771632502374
29.848236206687968
32.83186824369281
30.628995392108894
30.278317993142032
33.11545354777075
30.155974318232474
29.07139094513294
31.341004871925158
30.775976813295667
29.099426240313036
31.804666469513258
28.67312004375171
30.27722514978705
30.039993124391223
29.180811910808085
31.376642029982943
31.78731176439382
30.769429405636984
32.036907753530755
32.0092800341896
30.259968688901875
29.003844770835062
32.26635895068851
30.22703949264918
32.1730499282794
31.454291842274984
30.60820830171055
31.80129045954614
32.65193258339497
32.20837940778966
30.112241454816964
31.08987539749016
31.25599141528556
30.889302942151193
30.058076537193635
30.803325401721455
33.074977131501754
30.410034439006708
29.520097407853157
31.505798930352743
32.60725641563853
30.850905453315093
30.899315608401295
31.074212643635583
31.728879206003388
27.41823173721196
30.40716843799388
9.679237532596405
30.688158039143953
32.2859804019675
20.060665483712054
29.785706169753436
29.121448607215264
30.679403718712056
28.84665749656121
29.160524211770433
32.73756429569385
31.381337164062966
26.80820166692233
27.397277454079898
30.45353159851301
29.319520464157144
30.896811833343154
27.71243004671261
30.26717469114421
30.250802374306712
28.83178553015982
22.062975392675664
31.173291316110237
29.783168119976143
29.34187735228688
31.544658704611773
29.76372409877945
29.278995902354577
30.457954512446626
29.74514921139226
26.71956681000159
29.59550101960895
29.765625110885594
28.98220011055832
27.574694129790213
29.0832842175333
30.319466231015564
27.875241747359887
30.979651227204574
28.089741357371516
28.303174260418917
28.7084462696783
30.395049024225866
31.078357130684132
31.632444662317585
31.966100403167417
28.85499250127272
30.061523465496975
31.639603213517898
29.4378439079169
31.302878551544506
30.169639774427438
31.476244437273458
30.366441505035368
27.41912793358175
26.124759419242725
31.367725144711848
31.156618630218393
31.062475930918033
30.234447760333317
29.351322603219035
29.714172363713647
30.69579408815802
30.751156567322848
29.719646564490642
28.795957598725764
31.624573996441175
30.912524045016692
29.107503973018176
31.194621288748735
29.636697662587263
31.194389284306506
30.12608367750045
30.22769301728922
29.915082699151966
30.084379348434204
28.453320670239467
27.691755136534095
30.727726943054527
30.62519349280061
30.48784281799481
31.79743303994481
29.068771701238486
30.243386090781268
31.70681261528227
30.637273378036845
31.000946073793756
30.20766444122752
28.55365847016856
29.4792240652235
30.62496988105756
27.63737958118633
30.807171660043924
31.88178598032807
29.145124417174504
30.04343590625179
29.228802988174134
31.73272000968406
29.481088907788656
32.04008922296575
29.085099301009652
29.35728034380665
30.31289252495176
30.566273138026528
31.951976475786363
32.52205198188698
30.113106221057542
30.786368073752744
30.37567804404661
29.162146189519355
32.366703450191764
28.040915107836714
30.42547604366907
31.916235466001094
28.219957074326008
29.838256217631326
31.500120163422253
32.376197423368765
30.977134416543574
30.976905635852024
30.687035411179398
29.945197264146902
32.79772293641112
32.375197795496824
30.090422555420044
29.693977387770705
30.063462710102858
31.430956573869384
32.84523762911221
31.781290254140966
31.84209167792776
29.609499202281615
29.86757815281635
29.121448607215264
30.650482669921004
31.972435873003775
30.838429809792
29.789302480841485
32.08420537298819
32.06580888817535
27.94935629181438
29.482953986306956
33.48825919982115
32.94223353204056
31.767088530897578
30.839563542248758
31.111091331211938
31.60455723672313
29.36858615281201
30.52511917324697
30.603295051585505
31.524032138052327
32.224711504479174
32.442309626020034
33.493072690830395
31.23411226784624
31.181634352325442
30.58120493171859
31.899971859479933
32.50768455725635
30.507357166236318
32.67762594075759
32.385696967825126
32.82672906997676
29.696500258427204
28.442129817994413
30.230525283976245
31.541812056310913
30.616475053834083
30.038917416868987
28.605848974247053
30.67020584256517
31.839916192847546
31.14597597017807
34.14806190821236
33.02939670989944
32.434030838707685
30.540010776332842
30.737184607605325
29.549213416653163
30.340740740740742
29.674439664930947
28.309478330712274
29.94541105915111
31.915264038959062
30.573848643447583
31.502012858258727
30.856579537846965
28.697053873205707
32.24775304655365
31.621474506374348
29.74240715921742
28.34065785561772
27.98198715083426
25.32868746037018
29.636697662587263
27.136357754716492
25.865219536260483
28.94080468097732
30.945594593398162
30.33591297681214
29.232877285177622
29.560459232216733
28.642574230380507
26.282076346592476
26.634052794340832
16.296723407066064
17.295100489043932
27.969858226970217
17.349040370615487
12.662584984723882
18.598038346251396
26.992110174399897
27.785496147807596
30.396811247599377
30.813735141568344
32.40145850071071
32.70744013038359
31.040407329563955
32.02272119958161
29.583185216532655
33.24907251799473
33.02523562435533
29.973230428413192
32.82441696666145
30.529562907158713
33.79396361409672
31.025941843520457
28.446373587618517
26.676571603022364
29.74599302147457
29.251633690641412
31.461369978097153
26.556985107891805
24.653089053857865
29.255918418592973
26.233583307793825
30.78071977925204
29.16802737172979
31.66062033409573
31.360923562354664
29.002240354031255
31.84523457015086
29.38525239079413
31.564599638771824
29.40420490314982
26.65859890424193
31.393081149050193
28.61970754607548
29.19889171992259
30.777783485107538
29.477566625435735
30.330428746013727
29.671710633360924
28.697053873205707
30.700961805911373
28.441358359553
30.067126410414485
30.993386487744683
30.18961794259062
29.545466712688697
31.023188041331668
31.178852844102167
30.07876997217521
29.542761350669842
32.165647982698985
29.967876536153188
32.15948229593167
31.467270858497574
30.574294378353162
31.062705977323056
31.251100862062543
33.15236017578804
28.44772414354411
32.01050149203611
30.234229818276184
29.44879833177698
30.660789344795575
31.33538535098467
29.928530654184268
30.8986327204149
28.49642971186314
31.131180880279075
26.81111487544666
27.602276989898325
27.739188518898185
30.156841598182382
32.79669710997123
28.537145267626908
30.927568077748365
7.5761014264219515
28.64081395745843
29.823404769692402
19.10322463108034
27.61136236463579
28.092187133719566
29.34536728025803
27.932046270336507
27.314135375558422
31.040407329563955
27.4847088889617
27.928140522832297
28.68351262078823
29.764568963070197
27.687916295342774
29.44197669521269
26.435466589353467
29.22839562093644
29.269597136058174
27.855248215175163
20.704739432413355
27.36278174642007
28.151769593728396
28.470509974816895
31.714724274296604
29.434331950848087
30.701186528762893
30.59101882443895
29.24327188554536
27.56798822168472
30.27198059962181
29.649686841696003
29.90420510773004
28.607409832487587
29.17228763988677
29.352144216773038
29.95524893050229
31.14019496477122
28.59102931152011
31.336321797860258
30.45242607073105
31.36960196251477
32.10581751377832
31.96220290031777
32.59104083297719
29.494979044190035
31.178621074149785
33.173074337417056
29.95268190614935
30.410916394167675
30.27460264757258
31.059485637695218
31.548455035051298
29.319315512806174
28.396877517721375
32.34174589588779
31.22178965155316
29.920631183969295
31.720000907516507
29.921484979704232
32.07193870528682
32.43804426845679
31.06822811344933
28.748982137716425
29.58819379779339
31.7509765329296
32.37694718478378
30.450436322980647
31.103247287747216
29.668982103699513
32.827756776006325
30.33986285119065
31.756986560666288
31.799602723316504
30.607091515430138
30.388662676964543
29.630625984613538
26.71718400652275
29.158902414437964
29.66562460215297
30.49981457107745
28.899328211665
32.41172424984738
31.115938158402326
30.170290819372614
29.355636587602095
30.433202728196196
31.60932083320773
31.2166774584887
31.436610428643167
30.53222976858626
31.89778845861345
33.2944687877056
33.078889879098085
30.335035366612182
31.161248142644872
35.41708746390151
29.839105318573747
32.882833018431555
31.433547671508013
31.047300398241223
32.652949373691136
30.816678299842035
30.700287657095174
33.68675356801516
30.500036358876656
30.677608577990373
31.094715615918393
29.834860297046607
32.121307734133886
27.7591994493567
30.45264716986612
30.897722250051565
28.29267371346469
30.110295912360552
31.505088972515793
31.967318567748425
30.021716568009218
30.839563542248758
28.914070632354665
29.78486010509871
31.6575137746245
31.91210730942762
28.916861431122324
28.407455570004334
29.052864900809045
30.28728228531816
31.766126161606216
30.91936042697176
31.66874806520541
30.72277525069403
30.582765811616817
30.05333830125679
30.94810628140518
33.00756270116707
31.91210730942762
31.08089041704953
31.02892568097415
31.89778845861345
28.167461351456623
28.207241620487437
32.853727695705985
32.669226635095455
30.508910516591747
30.385800702720324
30.15228893489763
32.015143882146404
30.656083263898026
31.441794916003868
30.626982504308206
31.356703373928127
31.697707108417344
31.34498658555724
34.4473061760841
31.25086801674937
31.162405735725695
29.33592586116454
30.660789344795575
32.39620295205802
31.72695915279879
32.70106500756265
33.3389291618975
31.82083301722176
30.429449277044625
30.46569770397972
30.93304226619368
31.74737160806873
31.224811280020248
29.420292498158734
27.912714204904667
31.030762173919477
30.779816244459447
30.33152543353437
30.949019723589355
29.62874217657281
30.64174982831928
29.624138320714206
30.536230934439956
30.833669043593325
30.22333672006168
28.87903220253792
31.461369978097153
30.941713695547932
32.32579325014836
31.143894560980137
31.643661164257477
31.59765257154911
31.522847522847524
32.26437329805074
32.161701670845694
31.813833539392743
31.78104944118204
31.01470022775001
29.64360984090861
32.14272358035098
28.852610579899565
30.016560154008
32.08715076960739
33.42900636810686
31.160322130100145
30.73628362682378
31.49207874701545
31.212031462781198
30.990409481166232
30.57362578086845
30.277662277662277
30.453310486535152
30.250147850043994
31.937865023947854
30.58744940747493
31.242255178732375
31.8440256920297
31.34967225000187
30.930076840257804
30.384700086931325
31.887845635695985
31.91453550748347
29.90697707583158
31.459482163751463
30.18592433194913
29.469903390128227
30.808076801598318
29.683049899860585
32.1730499282794
29.675279467949625
31.92060761959847
28.889176642375986
31.551777573833633
30.74552118457704
30.0470947267374
30.672000117004394
32.59458661340835
29.76372409877945
32.54350069442828
33.1387396498325
28.45756778028062
30.34337471424024
28.67547242048842
29.773442934821187
29.004245902772976
29.480260059743454
31.92036469075107
28.89833264434339
31.858296304735862
28.024427725735972
27.013318906664605
31.182561632021887
28.711590591714355
27.64812825059491
29.39967055689903
29.536104108277115
30.746648095883884
30.92346370774505
29.724701463449204
30.601732075499232
29.502032777660546
28.726338787335028
29.670031478796023
29.67108092812677
28.391303170606232
26.764579384982547
28.807824390779967
29.319315512806174
28.98220011055832
31.111091331211938
29.970446165718695
29.211499888566973
30.686137367943576
29.189544303092728
31.094715615918393
30.661910053219486
31.67448780008911
28.625371952717643
30.316836406479265
30.115052126712428
29.62162772959688
29.49145344217802
29.98501572776666
30.11397103696843
29.95546286905969
28.783705513388874
30.765592565153927
32.361459169187086
30.163130870021718
31.143200819732993
32.54804640515268
32.23709533618225
29.01809175251313
30.826190808669512
