0.0060193538665771484
0.0019948482513427734
0.004023313522338867
0.003987312316894531
0.0019495487213134766
0.0019958019256591797
0.006922483444213867
0.004022359848022461
0.002026796340942383
0.0009667873382568359
0.0020339488983154297
0.0009918212890625
0.0009999275207519531
0.001993417739868164
0.0029916763305664062
0.0009968280792236328
0.0029642581939697266
0.003957033157348633
0.0029914379119873047
0.004990577697753906
0.003981590270996094
0.003988981246948242
0.0019881725311279297
0.003998279571533203
0.0020322799682617188
0.0020017623901367188
0.002030611038208008
0.0010018348693847656
0.0009970664978027344
0.0029914379119873047
0.005995512008666992
0.000997304916381836
0.001966238021850586
0.002035856246948242
0.0009617805480957031
0.001994609832763672
0.0009953975677490234
0.0019941329956054688
0.0016887187957763672
0.0029931068420410156
0.0029425621032714844
0.001957416534423828
0.0009980201721191406
0.001995563507080078
0.0
0.002323150634765625
0.0009968280792236328
0.0009970664978027344
0.0009427070617675781
0.0019893646240234375
0.0039825439453125
0.002997875213623047
0.0017216205596923828
0.0009601116180419922
0.0009472370147705078
0.0009741783142089844
0.0009646415710449219
0.0009949207305908203
0.0009634494781494141
0.0009748935699462891
0.0009655952453613281
0.0009944438934326172
0.0019731521606445312
0.000997304916381836
0.0019545555114746094
0.0009968280792236328
0.0009968280792236328
0.0009613037109375
0.0009601116180419922
0.0009996891021728516
0.0009624958038330078
0.001996755599975586
0.004986286163330078
0.0019860267639160156
0.002946138381958008
0.0009660720825195312
0.0009937286376953125
0.0009377002716064453
0.003987550735473633
0.0029883384704589844
0.0039751529693603516
0.001992940902709961
0.0019943714141845703
0.0029914379119873047
0.001954317092895508
0.0010035037994384766
0.0027704238891601562
0.003960847854614258
0.003985404968261719
0.001959562301635742
0.001924753189086914
0.002036571502685547
0.002035856246948242
0.001995086669921875
0.0009593963623046875
0.0039539337158203125
0.00176239013671875
0.0029354095458984375
0.001961231231689453
0.0009608268737792969
0.0019905567169189453
0.001996755599975586
0.001999378204345703
0.000997781753540039
0.0029478073120117188
0.00498509407043457
0.0009458065032958984
0.0009963512420654297
0.004003286361694336
0.0029888153076171875
0.0029921531677246094
0.002986907958984375
0.001996278762817383
0.0020411014556884766
0.0019991397857666016
0.002029895782470703
0.006028413772583008
0.0039768218994140625
0.0029926300048828125
0.002958536148071289
0.0029571056365966797
0.001997709274291992
0.0029904842376708984
0.0019328594207763672
0.002002239227294922
0.0019867420196533203
0.0020368099212646484
0.002035379409790039
0.002034425735473633
0.0019941329956054688
0.0019989013671875
0.0019881725311279297
0.0009999275207519531
0.0020360946655273438
0.0009980201721191406
0.001992940902709961
0.001996755599975586
0.0019943714141845703
0.0020384788513183594
0.0009980201721191406
0.000997781753540039
0.0019943714141845703
0.0029931068420410156
0.0029883384704589844
0.001990079879760742
0.0029916763305664062
0.002992391586303711
0.003025054931640625
0.002994060516357422
0.006985902786254883
0.001996278762817383
0.001995086669921875
0.0019981861114501953
0.002022266387939453
0.0020160675048828125
0.001993417739868164
0.0019757747650146484
0.0009968280792236328
0.002026796340942383
0.0009610652923583984
0.0009627342224121094
0.0030274391174316406
0.0029935836791992188
0.003989458084106445
0.0007634162902832031
0.0009970664978027344
0.002989053726196289
0.001995086669921875
0.0019750595092773438
0.0009598731994628906
0.0019979476928710938
0.001995563507080078
0.0019931793212890625
0.0019953250885009766
0.0009341239929199219
0.0019941329956054688
0.001967191696166992
0.0030014514923095703
0.002994060516357422
0.001956462860107422
0.0029783248901367188
0.0029952526092529297
0.001962423324584961
0.0029921531677246094
0.0019729137420654297
0.0029959678649902344
0.003958702087402344
0.000995635986328125
0.000997781753540039
0.0019948482513427734
0.0009968280792236328
0.0020279884338378906
0.0009975433349609375
0.002000570297241211
0.0009615421295166016
0.0009543895721435547
0.0009608268737792969
0.001996278762817383
0.0009963512420654297
0.001995563507080078
0.0019919872283935547
0.0019652843475341797
0.001987934112548828
0.0009539127349853516
0.0009620189666748047
0.0019502639770507812
0.0009520053863525391
0.0009617805480957031
0.0009975433349609375
0.0019979476928710938
0.0009579658508300781
0.0009577274322509766
0.0009584426879882812
0.0009622573852539062
0.0009577274322509766
0.0009515285491943359
0.0009613037109375
0.0020360946655273438
0.001951456069946289
0.0020301342010498047
0.0009627342224121094
0.0009531974792480469
0.002030611038208008
0.0019974708557128906
0.0009617805480957031
0.0009133815765380859
0.001994609832763672
0.0009963512420654297
0.0009186267852783203
0.0009613037109375
0.0010089874267578125
0.001995086669921875
0.0019965171813964844
0.0009517669677734375
0.0
0.000997304916381836
0.0009844303131103516
0.0009965896606445312
0.001995086669921875
0.0009617805480957031
0.0009143352508544922
0.0009968280792236328
0.0009310245513916016
0.0019948482513427734
0.0019183158874511719
0.002020597457885742
0.0019519329071044922
0.001959562301635742
0.0019683837890625
0.0019860267639160156
0.0009617805480957031
0.0019617080688476562
0.001989126205444336
0.0009520053863525391
0.0019927024841308594
0.0009965896606445312
0.001951456069946289
0.0009541511535644531
0.0009622573852539062
0.0009696483612060547
0.0009596347808837891
0.001947641372680664
0.0009715557098388672
0.0010118484497070312
0.0009503364562988281
0.0009605884552001953
0.000997304916381836
0.0019948482513427734
0.0019528865814208984
0.0020341873168945312
0.001960277557373047
0.0009965896606445312
0.0019562244415283203
0.0019941329956054688
0.0019865036010742188
0.001966714859008789
0.001979827880859375
0.001996278762817383
0.0019948482513427734
0.0019974708557128906
0.00196075439453125
0.000997304916381836
0.0019953250885009766
0.0020318031311035156
0.0020318031311035156
0.001996755599975586
0.0019588470458984375
0.0019958019256591797
0.002399444580078125
0.0019516944885253906
0.0009906291961669922
0.0009613037109375
0.0009605884552001953
0.0019881725311279297
0.0019578933715820312
0.0019512176513671875
0.001993417739868164
0.0009834766387939453
0.0019571781158447266
0.0019986629486083984
0.0009968280792236328
0.0019941329956054688
0.001994609832763672
0.001962900161743164
0.0019958019256591797
0.0020253658294677734
0.0030248165130615234
0.001955747604370117
0.0029926300048828125
0.0029561519622802734
0.001997232437133789
0.001973390579223633
0.0030252933502197266
0.00802469253540039
0.004984855651855469
0.002035856246948242
0.0009546279907226562
0.0019850730895996094
0.002996206283569336
0.004031658172607422
0.0019958019256591797
0.001978158950805664
0.0019953250885009766
0.0009970664978027344
0.0019915103912353516
0.003987789154052734
0.003952503204345703
0.003988504409790039
0.002035856246948242
0.0009987354278564453
0.001997232437133789
0.0009963512420654297
0.004023313522338867
0.00399017333984375
0.0019571781158447266
0.0029914379119873047
0.0029833316802978516
0.0029273033142089844
0.002954244613647461
0.004025459289550781
0.0029914379119873047
0.0029909610748291016
0.0010008811950683594
0.0009963512420654297
0.0009968280792236328
0.0010006427764892578
0.000997304916381836
0.000997304916381836
0.001962423324584961
0.0019714832305908203
0.001993894577026367
0.001994609832763672
0.0009980201721191406
0.0019974708557128906
0.0019991397857666016
0.00203704833984375
0.0009975433349609375
0.0019712448120117188
0.0020296573638916016
0.0009679794311523438
0.0030260086059570312
0.0009589195251464844
0.0009982585906982422
0.0007123947143554688
0.0019958019256591797
0.001978158950805664
0.0020270347595214844
0.003022432327270508
0.0030210018157958984
0.001994609832763672
0.001993417739868164
0.0009589195251464844
0.0009953975677490234
0.002023458480834961
0.0020284652709960938
0.001993417739868164
0.0019648075103759766
0.001994609832763672
0.002012968063354492
0.001970052719116211
0.0019898414611816406
0.002012491226196289
0.001941680908203125
0.003025054931640625
0.0009982585906982422
0.0017895698547363281
0.000995635986328125
0.0
0.0019927024841308594
0.005948781967163086
0.0020258426666259766
0.0029845237731933594
0.003988742828369141
0.0009963512420654297
0.001983642578125
0.0039899349212646484
0.004294395446777344
0.0020346641540527344
0.0011394023895263672
0.006980419158935547
0.005992889404296875
0.001994609832763672
0.001955747604370117
0.0019943714141845703
0.0020275115966796875
0.002026796340942383
0.0049877166748046875
0.0039882659912109375
0.0040283203125
0.001972198486328125
0.0009975433349609375
0.002995729446411133
0.0019965171813964844
0.0030231475830078125
0.001993894577026367
0.001963376998901367
0.0020232200622558594
0.0019948482513427734
0.0019943714141845703
0.0019943714141845703
0.003026723861694336
0.0029654502868652344
0.00199127197265625
0.0009953975677490234
0.0010001659393310547
0.0019636154174804688
0.0049839019775390625
0.0010385513305664062
0.0010004043579101562
0.002000093460083008
0.001990795135498047
0.0019922256469726562
0.001987934112548828
0.0030226707458496094
0.0019936561584472656
0.002034902572631836
0.000995635986328125
0.0010006427764892578
0.0019941329956054688
0.003974199295043945
0.0030243396759033203
0.002991199493408203
0.0009944438934326172
0.0020248889923095703
0.0009694099426269531
0.0019948482513427734
0.0029888153076171875
0.0010023117065429688
0.001993417739868164
0.0009443759918212891
0.000993490219116211
0.003019094467163086
0.0009403228759765625
0.0019609928131103516
0.0019958019256591797
0.002023458480834961
0.001965045928955078
0.0020172595977783203
0.0019958019256591797
0.000997304916381836
0.002001523971557617
0.002037525177001953
0.0009412765502929688
0.0030269622802734375
0.003989219665527344
0.0010001659393310547
0.000997304916381836
0.0030214786529541016
0.004022359848022461
0.0040242671966552734
0.0039920806884765625
0.0039632320404052734
0.0026259422302246094
0.0049571990966796875
0.002992391586303711
0.002033233642578125
0.0020346641540527344
0.001997232437133789
0.002029895782470703
0.0019981861114501953
0.001997232437133789
0.0029947757720947266
0.004992485046386719
0.004036664962768555
0.0059282779693603516
0.002009153366088867
0.0019500255584716797
0.0019998550415039062
0.001971006393432617
0.00196075439453125
0.001997232437133789
0.001993894577026367
0.004022836685180664
0.0029528141021728516
0.0029942989349365234
0.0029926300048828125
0.0020246505737304688
0.00096893310546875
0.0019626617431640625
0.002991199493408203
0.0059757232666015625
0.003025531768798828
0.0019953250885009766
0.0019941329956054688
0.0019936561584472656
0.001995563507080078
0.000997781753540039
0.0019283294677734375
0.001966714859008789
0.002034425735473633
0.0009999275207519531
0.0020270347595214844
0.002991914749145508
0.004985809326171875
0.003949880599975586
0.003937244415283203
0.0019989013671875
0.0009622573852539062
0.001956939697265625
0.004109382629394531
0.00096893310546875
0.001995563507080078
0.0009968280792236328
0.0010006427764892578
0.001965045928955078
0.0020220279693603516
0.005937814712524414
0.0039882659912109375
0.004983186721801758
0.0050258636474609375
0.004957914352416992
0.002941131591796875
