0.0 
0.0009899139404296875 
0.0009601116180419922 
0.0009632110595703125 
0.0009608268737792969 
0.0 
0.0 
0.0009577274322509766 
0.000993490219116211 
0.0009930133819580078 
0.0009567737579345703 
0.0009608268737792969 
0.0009577274322509766 
0.000993967056274414 
0.0009582042694091797 
0.0009970664978027344 
0.0009839534759521484 
0.0010004043579101562 
0.0 
0.0009601116180419922 
0.001001596450805664 
0.0009617805480957031 
0.0010006427764892578 
0.0010237693786621094 
0.000997781753540039 
0.0009937286376953125 
0.001005411148071289 
0.0 
0.0009980201721191406 
0.000997781753540039 
0.0009920597076416016 
0.0010042190551757812 
0.0010247230529785156 
0.00103759765625 
0.001001596450805664 
0.0009975433349609375 
0.0 
0.0009927749633789062 
0.0009970664978027344 
0.0 
0.0009970664978027344 
0.0009932518005371094 
0.0009953975677490234 
0.0009627342224121094 
0.0010025501251220703 
0.0 
0.0009930133819580078 
0.0009930133819580078 
0.0009987354278564453 
0.0009937286376953125 
0.0009984970092773438 
0.0 
0.0009639263153076172 
0.0 
0.0 
0.0 
0.0 
0.0 
0.0 
0.0 
0.0 
0.0 
0.0 
0.0 
0.0 
0.0 
0.0 
0.0010006427764892578 
0.0009975433349609375 
0.001005411148071289 
0.0009946823120117188 
0.0 
0.0 
0.0010082721710205078 
0.0009591579437255859 
0.0009937286376953125 
0.0 
0.0 
0.0 
0.0009887218475341797 
0.0010018348693847656 
0.0 
0.0 
0.0009627342224121094 
0.000997304916381836 
0.0 
0.0009975433349609375 
0.0 
0.000997304916381836 
0.0 
0.0 
0.0010230541229248047 
0.0009937286376953125 
0.0009965896606445312 
0.000997781753540039 
0.0009908676147460938 
0.0009970664978027344 
0.0009944438934326172 
0.000993490219116211 
0.0009624958038330078 
0.0 
0.0009925365447998047 
0.000997781753540039 
0.0009980201721191406 
0.0010008811950683594 
0.000997781753540039 
0.0009975433349609375 
0.0009636878967285156 
0.0009922981262207031 
0.0010433197021484375 
0.0009980201721191406 
0.001012563705444336 
0.0009965896606445312 
0.0009870529174804688 
0.0009970664978027344 
0.0009937286376953125 
0.0009617805480957031 
0.0009932518005371094 
0.0009937286376953125 
0.0009942054748535156 
0.000993967056274414 
0.0009584426879882812 
0.0 
0.0010006427764892578 
0.000993967056274414 
0.0009949207305908203 
0.0 
0.0009980201721191406 
0.0009932518005371094 
0.0009942054748535156 
0.0010132789611816406 
0.0009634494781494141 
0.0010106563568115234 
0.0010027885437011719 
0.000997304916381836 
0.0 
0.0009937286376953125 
0.0009996891021728516 
0.0009930133819580078 
0.0009980201721191406 
0.0009920597076416016 
0.00099945068359375 
0.0009632110595703125 
0.0009937286376953125 
0.0010280609130859375 
0.0 
0.000993490219116211 
0.0 
0.0009999275207519531 
0.000997781753540039 
0.0009958744049072266 
0.0010318756103515625 
0.0009975433349609375 
0.0009925365447998047 
0.0 
0.0009975433349609375 
0.0 
0.000997304916381836 
0.0 
0.0009975433349609375 
0.000997781753540039 
0.000997781753540039 
0.000997304916381836 
0.0009980201721191406 
0.0 
0.000997304916381836 
0.0009980201721191406 
0.0009970664978027344 
0.000997781753540039 
0.0009970664978027344 
0.0009975433349609375 
0.000997304916381836 
0.0009970664978027344 
0.0009970664978027344 
0.0 
0.000997781753540039 
0.0009968280792236328 
0.000997304916381836 
0.0009975433349609375 
0.0009975433349609375 
0.0009975433349609375 
0.0009975433349609375 
0.0009975433349609375 
0.0009822845458984375 
0.0009975433349609375 
0.000997781753540039 
0.0009975433349609375 
0.0009980201721191406 
0.0 
0.0 
0.0009822845458984375 
0.0 
0.0009975433349609375 
0.0009980201721191406 
0.000997781753540039 
0.0 
0.0009975433349609375 
0.0009984970092773438 
0.0 
0.0009982585906982422 
0.000997781753540039 
0.0009975433349609375 
0.000997781753540039 
0.0 
0.000997781753540039 
0.000997781753540039 
0.000997781753540039 
0.0009975433349609375 
0.000997304916381836 
0.000997304916381836 
0.0009975433349609375 
0.0 
0.0009744167327880859 
0.000997781753540039 
0.0009975433349609375 
0.0009963512420654297 
0.0009970664978027344 
0.0009980201721191406 
0.0009975433349609375 
0.0009975433349609375 
0.0 
0.000997304916381836 
0.0009975433349609375 
0.0009970664978027344 
0.0009970664978027344 
0.000997304916381836 
0.000997781753540039 
0.000997304916381836 
0.0009975433349609375 
0.0009970664978027344 
0.000997781753540039 
0.0009975433349609375 
0.000997781753540039 
0.0009970664978027344 
0.0009975433349609375 
0.0009975433349609375 
0.0009975433349609375 
0.0009980201721191406 
0.000997781753540039 
0.000997781753540039 
0.000997304916381836 
0.0 
0.000997304916381836 
0.0 
0.0 
0.000997781753540039 
0.0009970664978027344 
0.0009975433349609375 
0.0009982585906982422 
0.0009975433349609375 
0.0009980201721191406 
0.0009975433349609375 
0.0009975433349609375 
0.000997304916381836 
0.0009984970092773438 
0.0009975433349609375 
0.0005309581756591797 
0.000997781753540039 
0.0009427070617675781 
0.0 
0.0009832382202148438 
0.000997304916381836 
0.0 
0.0009968280792236328 
0.0009980201721191406 
0.000997304916381836 
0.0009970664978027344 
0.000997781753540039 
0.000997781753540039 
0.0005102157592773438 
0.000997304916381836 
0.000997304916381836 
0.0009968280792236328 
0.0 
0.0009980201721191406 
0.0009970664978027344 
0.0 
0.0009970664978027344 
0.000997781753540039 
0.0009970664978027344 
0.0 
0.000997304916381836 
0.0009975433349609375 
0.000997304916381836 
0.000997304916381836 
0.0009975433349609375 
0.0009975433349609375 
0.0009975433349609375 
0.0009975433349609375 
0.000997304916381836 
0.0009975433349609375 
0.000997304916381836 
0.0 
0.0009975433349609375 
0.0 
0.0 
0.000997781753540039 
0.000997304916381836 
0.0009980201721191406 
0.000997304916381836 
0.000997781753540039 
0.0009970664978027344 
0.000997304916381836 
0.0009970664978027344 
0.00054168701171875 
0.0009970664978027344 
0.000997781753540039 
0.000997304916381836 
0.000997781753540039 
0.0009992122650146484 
0.0009975433349609375 
0.0005450248718261719 
0.0009975433349609375 
0.000997304916381836 
0.001012563705444336 
0.0009975433349609375 
0.0009441375732421875 
0.000997304916381836 
0.0009980201721191406 
0.0009975433349609375 
0.0009980201721191406 
0.0009794235229492188 
0.000997781753540039 
0.0 
0.0009980201721191406 
0.000997781753540039 
0.0005509853363037109 
0.0010004043579101562 
0.000997304916381836 
0.0009982585906982422 
0.0009980201721191406 
0.0005464553833007812 
0.000997781753540039 
0.0009975433349609375 
0.000997304916381836 
0.0009975433349609375 
0.0008897781372070312 
0.0009975433349609375 
0.0 
0.0 
0.0009970664978027344 
0.0009975433349609375 
0.000997781753540039 
0.0009958744049072266 
0.0009968280792236328 
0.0009949207305908203 
0.0009641647338867188 
0.0010654926300048828 
0.0 
0.0010149478912353516 
0.0009579658508300781 
0.0010325908660888672 
0.0009608268737792969 
0.0009970664978027344 
0.0009615421295166016 
0.0009615421295166016 
0.0 
0.0 
0.0009512901306152344 
0.001001596450805664 
0.0009968280792236328 
0.0009982585906982422 
0.0009984970092773438 
0.0009601116180419922 
0.0009982585906982422 
0.0009865760803222656 
0.0009613037109375 
0.0009980201721191406 
0.0009622573852539062 
0.0009629726409912109 
0.0009758472442626953 
0.0009613037109375 
0.0009601116180419922 
0.0009634494781494141 
0.0010335445404052734 
0.0009953975677490234 
0.0009579658508300781 
0.0010135173797607422 
0.0009615421295166016 
0.0009589195251464844 
0.0009555816650390625 
0.0009970664978027344 
0.0009577274322509766 
0.0009636878967285156 
0.0010018348693847656 
0.0009961128234863281 
0.0009582042694091797 
0.0009968280792236328 
0.0 
0.0009777545928955078 
0.0 
0.001001119613647461 
0.0009584426879882812 
0.0010006427764892578 
0.0009620189666748047 
0.0009593963623046875 
0.0010004043579101562 
0.0010004043579101562 
0.0009617805480957031 
0.0010006427764892578 
0.0009617805480957031 
0.0009992122650146484 
0.0009975433349609375 
0.0009965896606445312 
0.0009975433349609375 
0.0009620189666748047 
0.0009610652923583984 
0.0009620189666748047 
0.0009605884552001953 
0.0009617805480957031 
0.0009982585906982422 
0.0009970664978027344 
0.0009615421295166016 
0.001069784164428711 
0.0009610652923583984 
0.0 
0.0009617805480957031 
0.001077890396118164 
0.0009980201721191406 
0.0 
0.0 
0.000997304916381836 
0.0009617805480957031 
0.000997781753540039 
0.0009965896606445312 
0.0009975433349609375 
0.0009925365447998047 
0.0009617805480957031 
0.0009620189666748047 
0.0010018348693847656 
0.0 
0.0009970664978027344 
0.0009970664978027344 
0.0009622573852539062 
0.0009617805480957031 
0.0 
0.000997781753540039 
0.0009632110595703125 
0.0009570121765136719 
0.0009565353393554688 
0.0009615421295166016 
0.0009632110595703125 
0.0009620189666748047 
0.0009860992431640625 
0.0009624958038330078 
0.0009629726409912109 
0.0009980201721191406 
0.0009801387786865234 
0.0009610652923583984 
0.001001596450805664 
0.0009610652923583984 
0.0 
0.0009617805480957031 
0.0009620189666748047 
0.0010139942169189453 
0.0009970664978027344 
0.0009953975677490234 
0.0009975433349609375 
0.0009617805480957031 
0.0009617805480957031 
0.0009617805480957031 
0.0009617805480957031 
0.0009567737579345703 
0.0009906291961669922 
0.0009620189666748047 
0.0009608268737792969 
0.0009615421295166016 
0.0009984970092773438 
0.0009613037109375 
0.000997304916381836 
0.0009617805480957031 
0.0009486675262451172 
0.0009603500366210938 
0.000995635986328125 
0.0010027885437011719 
0.0009603500366210938 
0.0009572505950927734 
0.0009620189666748047 
0.0010039806365966797 
0.0009949207305908203 
0.0009982585906982422 
0.0009591579437255859 
0.0 
0.0010013580322265625 
0.0009579658508300781 
0.0009930133819580078 
0.0009620189666748047 
0.0010290145874023438 
0.000997781753540039 
0.0009975433349609375 
0.0009615421295166016 
0.0009524822235107422 
0.0009930133819580078 
0.0009975433349609375 
0.0 
0.0009613037109375 
0.0009620189666748047 
0.0009617805480957031 
0.0010013580322265625 
0.0009613037109375 
0.0009620189666748047 
0.0 
0.0009961128234863281 
0.0009622573852539062 
0.0009579658508300781 
0.0009634494781494141 
0.0009832382202148438 
0.0009944438934326172 
0.0 
0.000997781753540039 
0.0009620189666748047 
0.0009627342224121094 
0.0009617805480957031 
0.0009970664978027344 
0.0009617805480957031 
0.0 
0.0 
0.0 
0.0009622573852539062 
0.0009586811065673828 
0.0009617805480957031 
0.0009617805480957031 
0.0009963512420654297 
0.0010013580322265625 
0.0009620189666748047 
0.0009970664978027344 
0.0009601116180419922 
0.0009617805480957031 
0.0009617805480957031 
0.0009868144989013672 
0.0 
0.0009586811065673828 
