0.3039265275001526 0.764725923538208  
0.16431006789207458 0.890505850315094  
0.13001936674118042 0.9173029661178589  
0.10422441363334656 0.9380354881286621  
0.08637691289186478 0.951137900352478  
0.07693380117416382 0.9582434296607971  
0.08846671134233475 0.9482676386833191  
0.06793037801980972 0.964248538017273  
0.06388738006353378 0.9672192931175232  
0.05574968457221985 0.9728489518165588  
0.056008968502283096 0.9721692800521851  
0.0535476915538311 0.9736133813858032  
0.050990812480449677 0.9748597741127014  
0.04539647698402405 0.9782444834709167  
0.03930532932281494 0.9828360080718994  
0.0393000990152359 0.9827128648757935  
0.045554522424936295 0.9790006279945374  
0.04038618877530098 0.980890154838562  
0.036807432770729065 0.9838399887084961  
0.035105496644973755 0.9855604767799377  
0.042312949895858765 0.9810317754745483  
0.0357920341193676 0.984738826751709  
0.034699417650699615 0.9845545887947083  
0.03492921590805054 0.9852285385131836  
0.031410492956638336 0.9870185852050781  
0.037116289138793945 0.9828712940216064  
0.03206266090273857 0.9863591194152832  
0.031369976699352264 0.9873441457748413  
0.03167210519313812 0.9866874814033508  
0.03261783346533775 0.9859956502914429  
0.0339062325656414 0.985242486000061  
0.042367834597826004 0.9790701866149902  
0.036479003727436066 0.9847065210342407  
0.03673204407095909 0.9836834073066711  
0.028406308963894844 0.9884995222091675  
0.02570716105401516 0.9902624487876892  
0.029681947082281113 0.9878374934196472  
0.03507034853100777 0.985031008720398  
0.03181818127632141 0.9869949221611023  
0.029273372143507004 0.9884122610092163  
0.028857940807938576 0.9882282018661499  
0.03244036063551903 0.9857475161552429  
0.026713894680142403 0.9895337820053101  
0.028200695291161537 0.9882772564888  
0.028379661962389946 0.9884871244430542  
0.029309876263141632 0.9873799085617065  
0.02640320174396038 0.9897425174713135  
0.024106496945023537 0.9910263419151306  
0.023566264659166336 0.9910447001457214  
0.024453870952129364 0.9907178282737732  
0.03598511219024658 0.9843915700912476  
0.02916868031024933 0.9876628518104553  
0.025366878136992455 0.9899013042449951  
0.03551068529486656 0.9848721623420715  
0.02897103689610958 0.9888211488723755  
0.02604089304804802 0.9895353317260742  
0.02762388065457344 0.9888665080070496  
0.029483037069439888 0.9880024194717407  
0.024399517104029655 0.99042147397995  
0.025628412142395973 0.989712119102478  
0.025660203769803047 0.9904518127441406  
0.025266548618674278 0.9903047680854797  
0.02391078695654869 0.9911062121391296  
0.024886542931199074 0.9900625348091125  
