0.6473186612129211 0.6423370838165283  
0.5753754377365112 0.7196111679077148  
0.5321778655052185 0.816643238067627  
0.5142043828964233 0.8576626777648926  
0.4975666403770447 0.8838131427764893  
0.47790563106536865 0.9100768566131592  
0.48312556743621826 0.9066581726074219  
0.47677668929100037 0.9180035591125488  
0.46079200506210327 0.941779375076294  
0.47796404361724854 0.9212102890014648  
0.46607279777526855 0.932523250579834  
0.453225314617157 0.9409472942352295  
0.4436693489551544 0.954155683517456  
0.45020195841789246 0.9417767524719238  
0.4396510720252991 0.9501214027404785  
0.44274982810020447 0.952873706817627  
0.4438391625881195 0.9445998668670654  
0.4236091375350952 0.9618542194366455  
0.42814311385154724 0.9634609222412109  
0.42581865191459656 0.9650626182556152  
0.41981515288352966 0.9650051593780518  
0.43944254517555237 0.9522299766540527  
0.4168742895126343 0.9655888080596924  
0.4103655219078064 0.9751951694488525  
0.4188731908798218 0.9667479991912842  
0.41776514053344727 0.9659719467163086  
0.40308740735054016 0.9726302623748779  
0.3996369540691376 0.974489688873291  
0.405068039894104 0.9694747924804688  
0.4003598392009735 0.9745197296142578  
0.39477303624153137 0.9823319911956787  
0.3904639780521393 0.9790279865264893  
0.3963748812675476 0.9808955192565918  
0.3978828191757202 0.97409987449646  
0.39200156927108765 0.9750337600708008  
0.39075738191604614 0.9752321243286133  
0.39353737235069275 0.9814066886901855  
0.3848589062690735 0.9835965633392334  
0.3770711123943329 0.9823975563049316  
0.38303783535957336 0.9806973934173584  
0.3875791132450104 0.9789745807647705  
0.36853858828544617 0.9790582656860352  
0.37245896458625793 0.9801454544067383  
0.36902374029159546 0.9794390201568604  
0.37231680750846863 0.9840950965881348  
0.36957380175590515 0.9796707630157471  
0.3547678291797638 0.9850523471832275  
0.3574090600013733 0.9851202964782715  
0.3576297461986542 0.9862575531005859  
0.3621736764907837 0.9816217422485352  
0.351274311542511 0.9830949306488037  
0.3548150956630707 0.980414628982544  
0.3527168035507202 0.9865732192993164  
0.35429659485816956 0.9840202331542969  
0.35040509700775146 0.9825584888458252  
0.3431128263473511 0.9871935844421387  
0.3345780670642853 0.9878125190734863  
0.33232736587524414 0.9895029067993164  
0.3398936092853546 0.9847745895385742  
0.340373694896698 0.985349178314209  
0.33399465680122375 0.9910192489624023  
0.33358943462371826 0.9869949817657471  
0.33700525760650635 0.9862785339355469  
0.3256056010723114 0.9885907173156738  
