28.385731011565976
33.49521246436301
35.95600552074136
24.18386244911609
35.20778980945186
34.91616233090531
35.441927279180014
34.767685140668775
33.56248699687925
36.00106433200292
36.13754361780037
32.89237429028514
35.4242664819851
36.366272163697055
35.426061691273354
36.90836933853099
33.77573058680475
37.242645687749174
35.734828282484045
36.27129724915036
26.890528731800202
32.98705465985057
32.60269415230589
32.95905954831916
33.69649642894443
31.259718578583353
32.76108945769252
33.55255305702881
32.25172050534798
32.176011660465655
34.7101408497327
31.249936670193268
33.05230143657555
31.529956549847398
34.95515496995608
34.05213804973493
32.13558179268919
34.19037293662115
33.38111723929359
33.0468326504885
32.10065742647002
34.29436726817821
35.78208125031992
31.88372481946028
34.14111288379514
34.119450093549176
34.342946041103744
34.359544855043374
32.914056124050475
34.599902658736376
32.304879269842495
35.71018441262111
34.81530301395333
32.83520956958775
32.62018976512677
35.343372123397906
34.2548756982784
34.881897490914234
35.05301865347329
33.30874668445546
34.780370499361496
34.02506672291131
34.13416668701222
33.89473514081377
33.769204138319715
36.43387392395827
36.97539560100498
31.956845385488652
34.09726038533453
33.988395838060356
35.44582100904251
32.966572086552596
35.74244128574837
35.93105575163623
34.9554462871906
34.37390591706278
34.140557084018425
32.509700272057174
36.08406961638721
34.693201650992165
35.22848983705695
32.99094663153341
34.568534528941015
34.97818400160117
34.454380416478415
35.08409870347135
34.135833516452216
34.984602552339645
34.15779529611049
35.6570573583045
31.979505321906736
33.22247304929148
32.86531213515017
34.68000628395195
34.14945205256387
33.125915161471205
36.62859687884795
34.1089063821482
35.68132438387396
35.45960569476852
34.88566913415953
35.57087368760283
35.90398904297209
35.24565973681115
35.44462284719523
34.01402956751628
33.654318015871105
35.5895869395513
33.671068581566544
36.10767813637968
31.783457735005495
35.498920890709506
35.28568904742275
33.44606674375025
34.230274540528185
33.516625246721695
34.62503818054237
32.952327079601524
33.209320738881544
35.21015429559611
34.591627354600334
36.353033966908484
36.04004158825905
34.37700497504282
35.88709304812834
34.69836778927688
35.17177070405528
35.067965386062454
34.49036247615288
34.25823314166231
31.929598587099672
34.22692257474866
31.858296304735862
34.0648598601444
36.39277750301516
35.32670198519317
33.12800827745263
36.70263742802639
34.43316640669896
30.356331738667862
29.598842666102115
34.35250950072074
35.57720984282358
34.553156433555486
35.0336947261155
34.89205377345934
34.242011592783086
33.04579118212474
34.33395000081858
32.901404915242274
34.33844743176199
34.97118463180363
33.6578288502279
35.26759047490919
34.99452676545187
34.13277778681988
33.38217995145052
33.25381748989138
36.2700426319385
34.488944438505754
35.09026261409365
34.003275233076614
36.9086941217881
33.05777203297656
32.605228585421216
32.64659547308447
34.846831278455355
35.32075217475516
34.004377928753264
31.742085865427548
34.480155206997466
35.667063505561416
33.91666194962196
36.63819565160422
34.38771511260874
34.36292284878624
33.3689009109352
35.15437805399335
33.756430479992275
33.25329020391336
31.245280769975714
35.28123685671506
34.86015392543094
35.71170465478633
33.7964143265783
36.590252030463496
35.98284204385573
34.87986694386694
35.80774156094729
36.17307310846823
35.91321174758113
33.49414254342184
34.119450093549176
33.12670004896773
34.85030576974209
31.266476328207116
33.07419469305682
34.713875439685495
33.8468689477082
35.400945307224845
33.924891818659766
34.457777084035065
35.09026261409365
35.803462287021546
34.33591748188777
34.16252494400326
36.31620690252308
36.36753344720847
35.11611590659824
33.23352904355543
34.708991906787375
34.48979524710139
34.46853761761926
35.311831215955685
34.38658741545399
34.69836778927688
36.47379451280491
33.80349615970471
35.541635949191175
32.40245975093477
36.12447139276701
36.08438005437214
33.45406979062812
35.75127643433715
34.1669775739457
34.693201650992165
33.43593504619628
34.30670952649702
32.89056876014523
32.06678950144879
33.644059775241246
34.9336109607296
32.09279762496844
36.95649951979417
35.818138343296326
31.933731270556706
35.35588505533967
32.19774770279503
34.645058439681165
33.99528282770974
32.69494722728903
35.709272329448225
32.962944916419765
34.54006736224914
32.742931193305125
33.19959473150963
36.008482070037175
34.145003988993636
32.638466087714384
32.944562263380305
33.86490545319489
35.869599425307015
34.801725854629936
32.36245794882874
35.32580938584375
33.76077787436814
32.70641994369975
35.46230395265272
35.45331135624023
32.65523738341041
32.9448210316307
33.21458041321201
33.33336512250753
32.87999749145527
35.8963070734734
34.48043866067098
34.75241733020689
34.0889466840052
33.05777203297656
33.98922212948031
35.41619029122934
32.85578655470084
28.73401383845996
31.324152352501866
30.97027246548032
32.01123441149085
32.18835808295921
33.990323913871485
34.94932964478256
35.667063505561416
32.74063087887469
34.00079442926742
36.15467632100681
33.74746751418112
36.74862224558637
35.79490680685465
35.91413427864403
32.91095696933555
33.92132505175984
