0.013573884963989258
0.0008349418640136719
0.0008451938629150391
0.00034308433532714844
0.0005090236663818359
0.00041604042053222656
0.00044417381286621094
0.0004239082336425781
0.0004291534423828125
0.0004382133483886719
0.0011420249938964844
0.0019199848175048828
0.00039076805114746094
0.0003571510314941406
0.00037097930908203125
0.0009329319000244141
0.00034928321838378906
0.0003719329833984375
0.0003788471221923828
0.0004048347473144531
0.0008928775787353516
0.0007581710815429688
0.0012683868408203125
0.0009009838104248047
0.0008120536804199219
0.0003688335418701172
0.0008697509765625
0.0008859634399414062
0.000759124755859375
0.0003299713134765625
0.0008120536804199219
0.0013082027435302734
0.0009441375732421875
0.0007622241973876953
0.0003592967987060547
0.0003540515899658203
0.0008502006530761719
0.0009081363677978516
0.0008020401000976562
0.0003249645233154297
0.0008337497711181641
0.0003440380096435547
0.00039076805114746094
0.00036406517028808594
0.00036716461181640625
0.00041294097900390625
0.0008840560913085938
0.0008981227874755859
0.0007822513580322266
0.0011091232299804688
0.0008959770202636719
0.0007300376892089844
0.0008325576782226562
0.0010919570922851562
0.0008080005645751953
0.0010399818420410156
0.0007250308990478516
0.001026153564453125
0.0007998943328857422
0.0010340213775634766
0.0007457733154296875
0.0008330345153808594
0.0008561611175537109
0.0010471343994140625
0.0010631084442138672
0.0010819435119628906
0.0007069110870361328
0.0012242794036865234
0.0008571147918701172
0.00048804283142089844
0.0004181861877441406
0.0010209083557128906
0.0008111000061035156
0.0005919933319091797
0.0007841587066650391
0.0008139610290527344
0.000865936279296875
0.0010309219360351562
0.000553131103515625
0.0008482933044433594
0.002415895462036133
0.0004417896270751953
0.000331878662109375
0.0003447532653808594
0.0003628730773925781
0.0003368854522705078
0.0006070137023925781
0.0008249282836914062
0.0011410713195800781
0.0010840892791748047
0.002100229263305664
0.0008897781372070312
0.0007679462432861328
0.0007390975952148438
0.0008940696716308594
0.001238107681274414
0.0008859634399414062
0.001291036605834961
0.0013251304626464844
0.0008869171142578125
0.0008790493011474609
0.0007691383361816406
0.0008459091186523438
0.0012810230255126953
0.0008749961853027344
0.0008628368377685547
0.0008220672607421875
0.0007510185241699219
0.0007503032684326172
0.0009100437164306641
0.0007901191711425781
0.0007460117340087891
0.0008358955383300781
0.0008859634399414062
0.0008969306945800781
0.0014650821685791016
0.0008821487426757812
0.0008640289306640625
0.000888824462890625
0.0008559226989746094
0.0011982917785644531
0.0004420280456542969
0.0004000663757324219
0.0003898143768310547
0.0005278587341308594
0.00039505958557128906
0.0006151199340820312
0.0021140575408935547
0.0008769035339355469
0.000888824462890625
0.0008559226989746094
0.0008988380432128906
0.0008988380432128906
0.0008521080017089844
0.0008478164672851562
0.0011899471282958984
0.0008950233459472656
0.0008499622344970703
0.0008759498596191406
0.0009143352508544922
0.0008776187896728516
0.0008802413940429688
0.00084686279296875
0.0011730194091796875
0.0007569789886474609
0.0007381439208984375
0.0008487701416015625
0.013092041015625
0.001856088638305664
0.002340078353881836
0.0015070438385009766
0.0021469593048095703
0.0010230541229248047
0.0011789798736572266
0.001050710678100586
0.0008649826049804688
0.0007760524749755859
0.0006818771362304688
0.0003199577331542969
0.00035309791564941406
0.0008699893951416016
0.0008869171142578125
0.001428842544555664
0.0008809566497802734
0.0009551048278808594
0.0010271072387695312
0.0010581016540527344
0.000888824462890625
0.0009019374847412109
0.0008771419525146484
0.001338958740234375
0.0014832019805908203
0.0013456344604492188
0.0009152889251708984
0.0010881423950195312
0.0011320114135742188
0.001664876937866211
0.0008859634399414062
0.0013229846954345703
0.001280069351196289
0.0008766651153564453
0.0009431838989257812
0.0009522438049316406
0.0008790493011474609
0.0008590221405029297
0.0008578300476074219
0.0015141963958740234
0.0008749961853027344
0.0008280277252197266
0.0008697509765625
0.0008690357208251953
0.0008649826049804688
0.0009903907775878906
0.0009298324584960938
0.0016570091247558594
0.0011241436004638672
0.0009019374847412109
0.0008661746978759766
0.0012860298156738281
0.001547098159790039
0.08404207229614258
0.001898050308227539
0.0021719932556152344
0.0018422603607177734
0.0008840560913085938
0.0015621185302734375
0.0013659000396728516
0.001316070556640625
0.0013077259063720703
0.0027060508728027344
0.0019450187683105469
0.0008881092071533203
0.0013508796691894531
0.0008990764617919922
0.0010318756103515625
0.0008020401000976562
0.0007789134979248047
0.0007679462432861328
0.00038504600524902344
0.0003688335418701172
0.0008916854858398438
0.0013480186462402344
0.0014426708221435547
0.0008740425109863281
0.0008990764617919922
0.0013129711151123047
0.0008797645568847656
0.0010738372802734375
0.0008769035339355469
0.0008881092071533203
0.000881195068359375
0.0008158683776855469
0.0022361278533935547
0.0008740425109863281
0.0008027553558349609
0.0008082389831542969
0.0013461112976074219
0.0017061233520507812
0.0013201236724853516
0.0013909339904785156
0.0559999942779541
0.0014100074768066406
0.0036988258361816406
0.0009899139404296875
0.000843048095703125
0.0013241767883300781
0.0016291141510009766
0.002416849136352539
0.0015759468078613281
0.0014562606811523438
0.0009160041809082031
0.0015778541564941406
0.0008761882781982422
0.0008721351623535156
0.0008728504180908203
0.0008511543273925781
0.0011761188507080078
0.0008871555328369141
0.0008780956268310547
0.0008637905120849609
0.0008692741394042969
0.0008797645568847656
0.00086212158203125
0.0008797645568847656
0.001180887222290039
0.0011429786682128906
0.0008268356323242188
0.0014557838439941406
0.0013871192932128906
0.0013802051544189453
0.000888824462890625
0.0013399124145507812
0.002344846725463867
0.0008921623229980469
0.000888824462890625
0.0012712478637695312
0.0011267662048339844
0.0008380413055419922
0.00033092498779296875
0.0007889270782470703
0.0008630752563476562
0.0008418560028076172
0.00039315223693847656
0.0009152889251708984
0.0008912086486816406
0.0003750324249267578
0.00040411949157714844
0.00041866302490234375
0.0009009838104248047
0.0008790493011474609
0.00040912628173828125
0.0008862018585205078
0.0010747909545898438
0.0003600120544433594
0.0004382133483886719
0.0004181861877441406
0.00039505958557128906
0.0008950233459472656
0.0007579326629638672
0.000843048095703125
0.0018529891967773438
0.0008859634399414062
0.0014719963073730469
0.01058816909790039
0.0014030933380126953
0.0008656978607177734
0.000865936279296875
0.0013120174407958984
0.0013871192932128906
0.001123189926147461
0.0017170906066894531
0.0012059211730957031
0.0008351802825927734
0.0007562637329101562
0.0008709430694580078
0.0014328956604003906
0.0014529228210449219
0.001432657241821289
0.001367807388305664
0.0013082027435302734
0.0009059906005859375
0.0008690357208251953
0.0008530616760253906
0.00074005126953125
0.0003409385681152344
0.00035309791564941406
0.0004112720489501953
0.00035309791564941406
0.0012941360473632812
0.0008611679077148438
0.0008780956268310547
0.0011289119720458984
0.0008111000061035156
0.0007581710815429688
0.0008490085601806641
0.00074005126953125
0.0008349418640136719
0.0008790493011474609
0.0013759136199951172
0.0008571147918701172
0.0017490386962890625
0.0009732246398925781
0.0013620853424072266
0.0013420581817626953
0.0008599758148193359
0.0009608268737792969
0.0011670589447021484
0.0003917217254638672
0.0004229545593261719
0.0009050369262695312
0.0008020401000976562
0.0008289813995361328
0.0009562969207763672
0.0007960796356201172
0.0012750625610351562
0.0007791519165039062
0.0009019374847412109
0.001458883285522461
0.0013899803161621094
0.000865936279296875
0.0008549690246582031
0.0007710456848144531
0.0008611679077148438
0.0008976459503173828
0.0003190040588378906
0.0003409385681152344
0.0003509521484375
0.0003418922424316406
0.00039196014404296875
0.0005521774291992188
0.0008599758148193359
0.00074005126953125
0.0006108283996582031
0.0007359981536865234
0.0019741058349609375
0.0008528232574462891
0.0008461475372314453
0.0007827281951904297
0.0008497238159179688
0.0007462501525878906
0.0007228851318359375
0.0007648468017578125
0.0007832050323486328
0.0007269382476806641
0.000720977783203125
0.0008387565612792969
0.0008447170257568359
0.00036787986755371094
0.00042176246643066406
0.0008480548858642578
0.00138092041015625
0.0014078617095947266
0.0008900165557861328
0.0013489723205566406
0.0011680126190185547
0.0007731914520263672
0.0007350444793701172
0.0007290840148925781
0.0007531642913818359
0.00074005126953125
0.0008718967437744141
0.0007600784301757812
0.0007970333099365234
0.0012938976287841797
0.0008800029754638672
0.0007829666137695312
0.0007259845733642578
0.0008389949798583984
0.0008959770202636719
0.0008461475372314453
0.0011191368103027344
0.0008442401885986328
0.000942230224609375
0.0011801719665527344
0.0009951591491699219
0.0014727115631103516
0.0008599758148193359
0.0007717609405517578
0.0011448860168457031
0.0007250308990478516
0.0007390975952148438
0.0008349418640136719
0.0009150505065917969
0.0012211799621582031
0.0014090538024902344
0.0012171268463134766
0.0013370513916015625
0.0008409023284912109
0.0009090900421142578
0.0008828639984130859
0.00035119056701660156
0.0008571147918701172
0.0007770061492919922
0.0012099742889404297
0.0014400482177734375
0.001194000244140625
0.0008690357208251953
0.0008831024169921875
0.0013599395751953125
0.0008790493011474609
0.0008609294891357422
0.000926971435546875
0.0008680820465087891
0.0011477470397949219
0.0003840923309326172
0.0004200935363769531
0.00039076805114746094
0.0008878707885742188
0.0007879734039306641
0.0007479190826416016
0.0007390975952148438
0.000965118408203125
0.0008697509765625
0.0007538795471191406
0.0007338523864746094
0.0007719993591308594
0.000804901123046875
0.0007631778717041016
0.0008680820465087891
0.0008482933044433594
0.0009469985961914062
0.0008051395416259766
0.001085042953491211
0.00074005126953125
0.0008592605590820312
0.0013229846954345703
0.0008649826049804688
0.0008552074432373047
0.0008540153503417969
0.0008649826049804688
0.001216888427734375
0.0013518333435058594
0.0009069442749023438
0.0008668899536132812
0.0008597373962402344
0.05874204635620117
0.002413034439086914
0.0008568763732910156
0.0013608932495117188
0.0009152889251708984
0.0008318424224853516
0.0008268356323242188
0.0007538795471191406
0.0007562637329101562
0.001196146011352539
0.0008711814880371094
0.001110076904296875
0.0008571147918701172
0.0009179115295410156
0.0008342266082763672
0.0008320808410644531
0.0007460117340087891
0.000804901123046875
0.0003581047058105469
0.0005390644073486328
0.023962020874023438
0.003738880157470703
0.0009407997131347656
0.0011317729949951172
0.0008959770202636719
0.0008609294891357422
0.0009038448333740234
0.0016350746154785156
0.0008337497711181641
0.0008578300476074219
0.0008800029754638672
0.0008440017700195312
0.0013430118560791016
0.0007557868957519531
0.0008478164672851562
0.0008237361907958984
0.0008699893951416016
0.0008819103240966797
0.0013589859008789062
0.06667017936706543
0.0020411014556884766
0.0008578300476074219
0.0007579326629638672
0.00038504600524902344
0.0004048347473144531
0.00041985511779785156
0.0005009174346923828
0.0011570453643798828
0.0008580684661865234
0.0008509159088134766
0.0008821487426757812
0.0008578300476074219
0.0008418560028076172
0.0008299350738525391
0.0009069442749023438
0.0004031658172607422
0.00044798851013183594
